62
1 12
2 14
3 31
4 33
5 28
6 30
7 52
8 53
9 16
10 17
11 35
12 37
13 13
14 15
15 54
16 56
17 1
18 3
19 39
20 40
21 41
22 17
23 19
24 21
25 23
26 10
27 12
28 14
29 16
30 25
31 27
32 29
33 31
34 33
35 35
36 37
37 52
38 53
39 54
40 55
41 39
42 40
43 41
44 5
45 6
46 20
47 25
48 9
49 10
50 11
51 32
52 34
53 55
54 57
55 10
56 26
57 2
58 4
59 36
60 38
61 42
62 58
63 59
64 5
65 6
66 7
67 8
68 9
69 11
70 60
71 61
72 62
73 18
74 20
75 22
76 24
77 26
78 28
79 30
80 32
81 34
82 36
83 38
84 56
85 57
86 58
87 59
88 2
89 4
90 7
91 8
92 60
93 61
94 62
95 26
96 27
97 1
98 3
99 28
100 34
101 36
102 12
103 14
104 13
105 15
106 16
107 18
108 17
109 19
110 20
111 22
112 24
113 21
114 23
115 25
116 27
117 29
118 31
119 33
120 35
121 37
122 39
123 51
124 40
125 41
126 42
127 43
128 44
129 45
130 46
131 47
132 48
133 49
134 50
135 13
136 15
137 17
138 19
139 21
140 23
141 29
142 31
143 37
144 39
145 51
146 9
147 10
148 5
149 6
150 11
151 12
152 18
153 28
154 30
155 38
156 53
157 32
158 34
159 54
160 55
161 36
162 40
163 41
164 56
165 57
166 1
167 3
168 58
169 59
170 5
171 6
172 60
173 61
174 62
175 10
176 12
177 14
178 52
179 16
180 18
181 20
182 22
183 24
184 34
185 36
186 38
187 53
188 54
189 55
190 56
191 57
192 58
193 59
194 60
195 61
196 62
197 16
198 24
199 26
200 28
201 33
202 34
203 35
204 7
205 8
206 21
207 23
208 9
209 10
210 11
211 26
212 27
213 2
214 4
215 37
216 39
217 42
218 7
219 8
220 9
221 25
222 11
223 13
224 15
225 17
226 19
227 27
228 30
229 32
230 37
231 39
232 1
233 2
234 3
235 4
236 7
